            0.000000    2.6666666667e+00    1.2500000000e+00    0.0000000000e+00    3.2142857143e+00    1.0119047619e+01
            0.005000    2.6666666667e+00    1.2500000000e+00    0.0000000000e+00    3.2142857143e+00    1.0119047619e+01
            0.010000    2.6627302887e+00    1.2519181333e+00    0.0000000000e+00    3.2076466250e+00    1.0105763838e+01
            0.015000    2.6581561424e+00    1.2541499555e+00    0.0000000000e+00    3.1999366092e+00    1.0090337936e+01
            0.020000    2.6560318818e+00    1.2551875561e+00    0.0000000000e+00    3.1963576103e+00    1.0083177564e+01
            0.025000    2.6555042419e+00    1.2554453466e+00    0.0000000000e+00    3.1954689441e+00    1.0081399595e+01
            0.030000    2.6558084513e+00    1.2552965512e+00    0.0000000000e+00    3.1959817900e+00    1.0082425362e+01
            0.035000    2.6570164177e+00    1.2547061168e+00    0.0000000000e+00    3.1980176058e+00    1.0086497801e+01
            0.040000    2.6592281910e+00    1.2536256992e+00    0.0000000000e+00    3.2017458029e+00    1.0093955962e+01
            0.045000    2.6614285051e+00    1.2525516087e+00    0.0000000000e+00    3.2054558724e+00    1.0101378020e+01
            0.050000    2.6629196104e+00    1.2518240761e+00    0.0000000000e+00    3.2079709682e+00    1.0106409506e+01
            0.055000    2.6639515629e+00    1.2513206858e+00    0.0000000000e+00    3.2097121806e+00    1.0109892737e+01
            0.060000    2.6646793520e+00    1.2509655892e+00    0.0000000000e+00    3.2109409241e+00    1.0112350528e+01
            0.065000    2.6651952867e+00    1.2507133988e+00    0.0000000000e+00    3.2118138111e+00    1.0114095708e+01
            0.070000    2.6655564012e+00    1.2505353089e+00    0.0000000000e+00    3.2124303265e+00    1.0115325757e+01
            0.075000    2.6657989283e+00    1.2504107821e+00    0.0000000000e+00    3.2128614582e+00    1.0116178111e+01
            0.080000    2.6659395221e+00    1.2503238986e+00    0.0000000000e+00    3.2131622709e+00    1.0116750436e+01
            0.085000    2.6659634287e+00    1.2502623430e+00    0.0000000000e+00    3.2133753816e+00    1.0117096721e+01
            0.090000    2.6657972510e+00    1.2502172145e+00    0.0000000000e+00    3.2135315969e+00    1.0117206970e+01
            0.095000    2.6652615827e+00    1.2501826170e+00    0.0000000000e+00    3.2136513213e+00    1.0116972361e+01
            0.100000    2.6640010960e+00    1.2501548488e+00    0.0000000000e+00    3.2137473555e+00    1.0116134923e+01
            0.105000    2.6614026595e+00    1.2501315724e+00    0.0000000000e+00    3.2138277658e+00    1.0114227974e+01
            0.110000    2.6565394269e+00    1.2501113568e+00    0.0000000000e+00    3.2138974639e+00    1.0110534883e+01
            0.115000    2.6484501576e+00    1.2500935628e+00    0.0000000000e+00    3.2139586077e+00    1.0104307962e+01
            0.120000    2.6385448388e+00    1.2500781868e+00    0.0000000000e+00    3.2140111734e+00    1.0096648971e+01
            0.125000    2.6316294933e+00    1.2500654012e+00    0.0000000000e+00    3.2140545757e+00    1.0091312126e+01
            0.130000    2.6284184274e+00    1.2500550159e+00    0.0000000000e+00    3.2140895003e+00    1.0088856407e+01
            0.135000    2.6276626055e+00    1.2500463415e+00    0.0000000000e+00    3.2141183190e+00    1.0088309423e+01
            0.140000    2.6283697283e+00    1.2500386020e+00    0.0000000000e+00    3.2141436519e+00    1.0088899807e+01
            0.145000    2.6314304317e+00    1.2500315019e+00    0.0000000000e+00    3.2141663876e+00    1.0091324614e+01
            0.150000    2.6378762602e+00    1.2500253137e+00    0.0000000000e+00    3.2141852200e+00    1.0096387347e+01
            0.155000    2.6466273148e+00    1.2500202280e+00    0.0000000000e+00    3.2141982433e+00    1.0103240118e+01
            0.160000    2.6539357832e+00    1.2500154284e+00    0.0000000000e+00    3.2142037939e+00    1.0108947998e+01
            0.165000    2.6587747865e+00    1.2500079021e+00    0.0000000000e+00    3.2141959505e+00    1.0112683941e+01
            0.170000    2.6618329583e+00    1.2499884451e+00    0.0000000000e+00    3.2141468100e+00    1.0114885577e+01
            0.175000    2.6636231475e+00    1.2499252278e+00    0.0000000000e+00    3.2139486552e+00    1.0115578274e+01
            0.180000    2.6643351743e+00    1.2497046360e+00    0.0000000000e+00    3.2132035098e+00    1.0113537060e+01
            0.185000    2.6634053385e+00    1.2489141913e+00    0.0000000000e+00    3.2104771488e+00    1.0103364927e+01
            0.190000    2.6579515135e+00    1.2460643471e+00    0.0000000000e+00    3.2006302624e+00    1.0065044893e+01
            0.195000    2.6372682795e+00    1.2358457732e+00    0.0000000000e+00    3.1655170567e+00    9.9277620466e+00
            0.200000    2.5646613790e+00    1.1999359661e+00    0.0000000000e+00    3.0445901130e+00    9.4578344102e+00
            0.205000    2.3325588042e+00    1.0804452095e+00    0.0000000000e+00    2.6698386053e+00    8.0360665944e+00
            0.210000    1.7776792586e+00    7.4775162766e-01    0.0000000000e+00    1.8246944300e+00    5.0587151961e+00
            0.215000    1.2524799981e+00    2.8978268300e-01    0.0000000000e+00    1.0500385203e+00    2.6776841806e+00
            0.220000    1.0614919390e+00    6.8041650638e-02    0.0000000000e+00    7.8448333640e-01    1.9636655177e+00
            0.225000    1.0120059634e+00    1.2519488174e-02    0.0000000000e+00    7.2685595920e-01    1.8172192077e+00
            0.230000    1.0021373007e+00    2.1662288716e-03    0.0000000000e+00    7.1645298432e-01    1.7911348121e+00
            0.235000    1.0003692833e+00    3.7072643679e-04    0.0000000000e+00    7.1465646503e-01    1.7866412313e+00
            0.240000    1.0000632581e+00    6.3326474687e-05    0.0000000000e+00    7.1434904141e-01    1.7858726055e+00
            0.245000    1.0000108105e+00    1.0813640849e-05    0.0000000000e+00    7.1429652794e-01    1.7857413199e+00
            0.250000    1.0000018462e+00    1.8463917558e-06    0.0000000000e+00    7.1428756068e-01    1.7857189017e+00
            0.255000    1.0000003152e+00    3.1524752695e-07    0.0000000000e+00    7.1428602953e-01    1.7857150738e+00
            0.260000    1.0000000538e+00    5.3820598380e-08    0.0000000000e+00    7.1428576811e-01    1.7857144203e+00
            0.265000    1.0000000092e+00    9.1876154650e-09    0.0000000000e+00    7.1428572347e-01    1.7857143087e+00
            0.270000    1.0000000016e+00    1.5681924196e-09    0.0000000000e+00    7.1428571585e-01    1.7857142896e+00
            0.275000    1.0000000003e+00    2.6761977934e-10    0.0000000000e+00    7.1428571455e-01    1.7857142864e+00
            0.280000    1.0000000000e+00    4.5659690734e-11    0.0000000000e+00    7.1428571433e-01    1.7857142858e+00
            0.285000    1.0000000000e+00    7.7876884342e-12    0.0000000000e+00    7.1428571429e-01    1.7857142857e+00
            0.290000    1.0000000000e+00    1.3276601220e-12    0.0000000000e+00    7.1428571429e-01    1.7857142857e+00
            0.295000    1.0000000000e+00    2.2620073862e-13    0.0000000000e+00    7.1428571429e-01    1.7857142857e+00
            0.300000    1.0000000000e+00    3.8486935082e-14    0.0000000000e+00    7.1428571429e-01    1.7857142857e+00
            0.305000    1.0000000000e+00    6.5085038801e-15    0.0000000000e+00    7.1428571429e-01    1.7857142857e+00
            0.310000    1.0000000000e+00    1.0760744623e-15    0.0000000000e+00    7.1428571429e-01    1.7857142857e+00
            0.315000    1.0000000000e+00    1.5186601094e-16    0.0000000000e+00    7.1428571429e-01    1.7857142857e+00
            0.320000    1.0000000000e+00    8.6781247084e-18    0.0000000000e+00    7.1428571429e-01    1.7857142857e+00
            0.325000    1.0000000000e+00    0.0000000000e+00    0.0000000000e+00    7.1428571429e-01    1.7857142857e+00
            0.330000    1.0000000000e+00    0.0000000000e+00    0.0000000000e+00    7.1428571429e-01    1.7857142857e+00
            0.335000    1.0000000000e+00    0.0000000000e+00    0.0000000000e+00    7.1428571429e-01    1.7857142857e+00
            0.340000    1.0000000000e+00    0.0000000000e+00    0.0000000000e+00    7.1428571429e-01    1.7857142857e+00
            0.345000    1.0000000000e+00    0.0000000000e+00    0.0000000000e+00    7.1428571429e-01    1.7857142857e+00
            0.350000    1.0000000000e+00    0.0000000000e+00    0.0000000000e+00    7.1428571429e-01    1.7857142857e+00
            0.355000    1.0000000000e+00    0.0000000000e+00    0.0000000000e+00    7.1428571429e-01    1.7857142857e+00
            0.360000    1.0000000000e+00    0.0000000000e+00    0.0000000000e+00    7.1428571429e-01    1.7857142857e+00
            0.365000    1.0000000000e+00    0.0000000000e+00    0.0000000000e+00    7.1428571429e-01    1.7857142857e+00
            0.370000    1.0000000000e+00    0.0000000000e+00    0.0000000000e+00    7.1428571429e-01    1.7857142857e+00
            0.375000    1.0000000000e+00    0.0000000000e+00    0.0000000000e+00    7.1428571429e-01    1.7857142857e+00
            0.380000    1.0000000000e+00    0.0000000000e+00    0.0000000000e+00    7.1428571429e-01    1.7857142857e+00
            0.385000    1.0000000000e+00    0.0000000000e+00    0.0000000000e+00    7.1428571429e-01    1.7857142857e+00
            0.390000    1.0000000000e+00    0.0000000000e+00    0.0000000000e+00    7.1428571429e-01    1.7857142857e+00
            0.395000    1.0000000000e+00    0.0000000000e+00    0.0000000000e+00    7.1428571429e-01    1.7857142857e+00
            0.400000    1.0000000000e+00    0.0000000000e+00    0.0000000000e+00    7.1428571429e-01    1.7857142857e+00
            0.405000    1.0000000000e+00    0.0000000000e+00    0.0000000000e+00    7.1428571429e-01    1.7857142857e+00
            0.410000    1.0000000000e+00    0.0000000000e+00    0.0000000000e+00    7.1428571429e-01    1.7857142857e+00
            0.415000    1.0000000000e+00    0.0000000000e+00    0.0000000000e+00    7.1428571429e-01    1.7857142857e+00
            0.420000    1.0000000000e+00    0.0000000000e+00    0.0000000000e+00    7.1428571429e-01    1.7857142857e+00
            0.425000    1.0000000000e+00    0.0000000000e+00    0.0000000000e+00    7.1428571429e-01    1.7857142857e+00
            0.430000    1.0000000000e+00    0.0000000000e+00    0.0000000000e+00    7.1428571429e-01    1.7857142857e+00
            0.435000    1.0000000000e+00    0.0000000000e+00    0.0000000000e+00    7.1428571429e-01    1.7857142857e+00
            0.440000    1.0000000000e+00    0.0000000000e+00    0.0000000000e+00    7.1428571429e-01    1.7857142857e+00
            0.445000    1.0000000000e+00    0.0000000000e+00    0.0000000000e+00    7.1428571429e-01    1.7857142857e+00
            0.450000    1.0000000000e+00    0.0000000000e+00    0.0000000000e+00    7.1428571429e-01    1.7857142857e+00
            0.455000    1.0000000000e+00    0.0000000000e+00    0.0000000000e+00    7.1428571429e-01    1.7857142857e+00
            0.460000    1.0000000000e+00    0.0000000000e+00    0.0000000000e+00    7.1428571429e-01    1.7857142857e+00
            0.465000    1.0000000000e+00    0.0000000000e+00    0.0000000000e+00    7.1428571429e-01    1.7857142857e+00
            0.470000    1.0000000000e+00    0.0000000000e+00    0.0000000000e+00    7.1428571429e-01    1.7857142857e+00
            0.475000    1.0000000000e+00    0.0000000000e+00    0.0000000000e+00    7.1428571429e-01    1.7857142857e+00
            0.480000    1.0000000000e+00    0.0000000000e+00    0.0000000000e+00    7.1428571429e-01    1.7857142857e+00
            0.485000    1.0000000000e+00    0.0000000000e+00    0.0000000000e+00    7.1428571429e-01    1.7857142857e+00
            0.490000    1.0000000000e+00    0.0000000000e+00    0.0000000000e+00    7.1428571429e-01    1.7857142857e+00
            0.495000    1.0000000000e+00    0.0000000000e+00    0.0000000000e+00    7.1428571429e-01    1.7857142857e+00
            0.500000    1.0000000000e+00    0.0000000000e+00    0.0000000000e+00    7.1428571429e-01    1.7857142857e+00
            0.505000    1.0000000000e+00    0.0000000000e+00    0.0000000000e+00    7.1428571429e-01    1.7857142857e+00
            0.510000    1.0000000000e+00    0.0000000000e+00    0.0000000000e+00    7.1428571429e-01    1.7857142857e+00
            0.515000    1.0000000000e+00    0.0000000000e+00    0.0000000000e+00    7.1428571429e-01    1.7857142857e+00
            0.520000    1.0000000000e+00    0.0000000000e+00    0.0000000000e+00    7.1428571429e-01    1.7857142857e+00
            0.525000    1.0000000000e+00    0.0000000000e+00    0.0000000000e+00    7.1428571429e-01    1.7857142857e+00
            0.530000    1.0000000000e+00    0.0000000000e+00    0.0000000000e+00    7.1428571429e-01    1.7857142857e+00
            0.535000    1.0000000000e+00    0.0000000000e+00    0.0000000000e+00    7.1428571429e-01    1.7857142857e+00
            0.540000    1.0000000000e+00    0.0000000000e+00    0.0000000000e+00    7.1428571429e-01    1.7857142857e+00
            0.545000    1.0000000000e+00    0.0000000000e+00    0.0000000000e+00    7.1428571429e-01    1.7857142857e+00
            0.550000    1.0000000000e+00    0.0000000000e+00    0.0000000000e+00    7.1428571429e-01    1.7857142857e+00
            0.555000    1.0000000000e+00    0.0000000000e+00    0.0000000000e+00    7.1428571429e-01    1.7857142857e+00
            0.560000    1.0000000000e+00    0.0000000000e+00    0.0000000000e+00    7.1428571429e-01    1.7857142857e+00
            0.565000    1.0000000000e+00    0.0000000000e+00    0.0000000000e+00    7.1428571429e-01    1.7857142857e+00
            0.570000    1.0000000000e+00    0.0000000000e+00    0.0000000000e+00    7.1428571429e-01    1.7857142857e+00
            0.575000    1.0000000000e+00    0.0000000000e+00    0.0000000000e+00    7.1428571429e-01    1.7857142857e+00
            0.580000    1.0000000000e+00    0.0000000000e+00    0.0000000000e+00    7.1428571429e-01    1.7857142857e+00
            0.585000    1.0000000000e+00    0.0000000000e+00    0.0000000000e+00    7.1428571429e-01    1.7857142857e+00
            0.590000    1.0000000000e+00    0.0000000000e+00    0.0000000000e+00    7.1428571429e-01    1.7857142857e+00
            0.595000    1.0000000000e+00    0.0000000000e+00    0.0000000000e+00    7.1428571429e-01    1.7857142857e+00
            0.600000    1.0000000000e+00    0.0000000000e+00    0.0000000000e+00    7.1428571429e-01    1.7857142857e+00
            0.605000    1.0000000000e+00    0.0000000000e+00    0.0000000000e+00    7.1428571429e-01    1.7857142857e+00
            0.610000    1.0000000000e+00    0.0000000000e+00    0.0000000000e+00    7.1428571429e-01    1.7857142857e+00
            0.615000    1.0000000000e+00    0.0000000000e+00    0.0000000000e+00    7.1428571429e-01    1.7857142857e+00
            0.620000    1.0000000000e+00    0.0000000000e+00    0.0000000000e+00    7.1428571429e-01    1.7857142857e+00
            0.625000    1.0000000000e+00    0.0000000000e+00    0.0000000000e+00    7.1428571429e-01    1.7857142857e+00
            0.630000    1.0000000000e+00    0.0000000000e+00    0.0000000000e+00    7.1428571429e-01    1.7857142857e+00
            0.635000    1.0000000000e+00    0.0000000000e+00    0.0000000000e+00    7.1428571429e-01    1.7857142857e+00
            0.640000    1.0000000000e+00    0.0000000000e+00    0.0000000000e+00    7.1428571429e-01    1.7857142857e+00
            0.645000    1.0000000000e+00    0.0000000000e+00    0.0000000000e+00    7.1428571429e-01    1.7857142857e+00
            0.650000    1.0000000000e+00    0.0000000000e+00    0.0000000000e+00    7.1428571429e-01    1.7857142857e+00
            0.655000    1.0000000000e+00    0.0000000000e+00    0.0000000000e+00    7.1428571429e-01    1.7857142857e+00
            0.660000    1.0000000000e+00    0.0000000000e+00    0.0000000000e+00    7.1428571429e-01    1.7857142857e+00
            0.665000    1.0000000000e+00    0.0000000000e+00    0.0000000000e+00    7.1428571429e-01    1.7857142857e+00
            0.670000    1.0000000000e+00    0.0000000000e+00    0.0000000000e+00    7.1428571429e-01    1.7857142857e+00
            0.675000    1.0000000000e+00    0.0000000000e+00    0.0000000000e+00    7.1428571429e-01    1.7857142857e+00
            0.680000    1.0000000000e+00    0.0000000000e+00    0.0000000000e+00    7.1428571429e-01    1.7857142857e+00
            0.685000    1.0000000000e+00    0.0000000000e+00    0.0000000000e+00    7.1428571429e-01    1.7857142857e+00
            0.690000    1.0000000000e+00    0.0000000000e+00    0.0000000000e+00    7.1428571429e-01    1.7857142857e+00
            0.695000    1.0000000000e+00    0.0000000000e+00    0.0000000000e+00    7.1428571429e-01    1.7857142857e+00
            0.700000    1.0000000000e+00    0.0000000000e+00    0.0000000000e+00    7.1428571429e-01    1.7857142857e+00
            0.705000    1.0000000000e+00    0.0000000000e+00    0.0000000000e+00    7.1428571429e-01    1.7857142857e+00
            0.710000    1.0000000000e+00    0.0000000000e+00    0.0000000000e+00    7.1428571429e-01    1.7857142857e+00
            0.715000    1.0000000000e+00    0.0000000000e+00    0.0000000000e+00    7.1428571429e-01    1.7857142857e+00
            0.720000    1.0000000000e+00    0.0000000000e+00    0.0000000000e+00    7.1428571429e-01    1.7857142857e+00
            0.725000    1.0000000000e+00    0.0000000000e+00    0.0000000000e+00    7.1428571429e-01    1.7857142857e+00
            0.730000    1.0000000000e+00    0.0000000000e+00    0.0000000000e+00    7.1428571429e-01    1.7857142857e+00
            0.735000    1.0000000000e+00    0.0000000000e+00    0.0000000000e+00    7.1428571429e-01    1.7857142857e+00
            0.740000    1.0000000000e+00    0.0000000000e+00    0.0000000000e+00    7.1428571429e-01    1.7857142857e+00
            0.745000    1.0000000000e+00    0.0000000000e+00    0.0000000000e+00    7.1428571429e-01    1.7857142857e+00
            0.750000    1.0000000000e+00    0.0000000000e+00    0.0000000000e+00    7.1428571429e-01    1.7857142857e+00
            0.755000    1.0000000000e+00    0.0000000000e+00    0.0000000000e+00    7.1428571429e-01    1.7857142857e+00
            0.760000    1.0000000000e+00    0.0000000000e+00    0.0000000000e+00    7.1428571429e-01    1.7857142857e+00
            0.765000    1.0000000000e+00    0.0000000000e+00    0.0000000000e+00    7.1428571429e-01    1.7857142857e+00
            0.770000    1.0000000000e+00    0.0000000000e+00    0.0000000000e+00    7.1428571429e-01    1.7857142857e+00
            0.775000    1.0000000000e+00    0.0000000000e+00    0.0000000000e+00    7.1428571429e-01    1.7857142857e+00
            0.780000    1.0000000000e+00    0.0000000000e+00    0.0000000000e+00    7.1428571429e-01    1.7857142857e+00
            0.785000    1.0000000000e+00    0.0000000000e+00    0.0000000000e+00    7.1428571429e-01    1.7857142857e+00
            0.790000    1.0000000000e+00    0.0000000000e+00    0.0000000000e+00    7.1428571429e-01    1.7857142857e+00
            0.795000    1.0000000000e+00    0.0000000000e+00    0.0000000000e+00    7.1428571429e-01    1.7857142857e+00
            0.800000    1.0000000000e+00    0.0000000000e+00    0.0000000000e+00    7.1428571429e-01    1.7857142857e+00
            0.805000    1.0000000000e+00    0.0000000000e+00    0.0000000000e+00    7.1428571429e-01    1.7857142857e+00
            0.810000    1.0000000000e+00    0.0000000000e+00    0.0000000000e+00    7.1428571429e-01    1.7857142857e+00
            0.815000    1.0000000000e+00    0.0000000000e+00    0.0000000000e+00    7.1428571429e-01    1.7857142857e+00
            0.820000    1.0000000000e+00    0.0000000000e+00    0.0000000000e+00    7.1428571429e-01    1.7857142857e+00
            0.825000    1.0000000000e+00    0.0000000000e+00    0.0000000000e+00    7.1428571429e-01    1.7857142857e+00
            0.830000    1.0000000000e+00    0.0000000000e+00    0.0000000000e+00    7.1428571429e-01    1.7857142857e+00
            0.835000    1.0000000000e+00    0.0000000000e+00    0.0000000000e+00    7.1428571429e-01    1.7857142857e+00
            0.840000    1.0000000000e+00    0.0000000000e+00    0.0000000000e+00    7.1428571429e-01    1.7857142857e+00
            0.845000    1.0000000000e+00    0.0000000000e+00    0.0000000000e+00    7.1428571429e-01    1.7857142857e+00
            0.850000    1.0000000000e+00    0.0000000000e+00    0.0000000000e+00    7.1428571429e-01    1.7857142857e+00
            0.855000    1.0000000000e+00    0.0000000000e+00    0.0000000000e+00    7.1428571429e-01    1.7857142857e+00
            0.860000    1.0000000000e+00    0.0000000000e+00    0.0000000000e+00    7.1428571429e-01    1.7857142857e+00
            0.865000    1.0000000000e+00    0.0000000000e+00    0.0000000000e+00    7.1428571429e-01    1.7857142857e+00
            0.870000    1.0000000000e+00    0.0000000000e+00    0.0000000000e+00    7.1428571429e-01    1.7857142857e+00
            0.875000    1.0000000000e+00    0.0000000000e+00    0.0000000000e+00    7.1428571429e-01    1.7857142857e+00
            0.880000    1.0000000000e+00    0.0000000000e+00    0.0000000000e+00    7.1428571429e-01    1.7857142857e+00
            0.885000    1.0000000000e+00    0.0000000000e+00    0.0000000000e+00    7.1428571429e-01    1.7857142857e+00
            0.890000    1.0000000000e+00    0.0000000000e+00    0.0000000000e+00    7.1428571429e-01    1.7857142857e+00
            0.895000    1.0000000000e+00    0.0000000000e+00    0.0000000000e+00    7.1428571429e-01    1.7857142857e+00
            0.900000    1.0000000000e+00    0.0000000000e+00    0.0000000000e+00    7.1428571429e-01    1.7857142857e+00
            0.905000    1.0000000000e+00    0.0000000000e+00    0.0000000000e+00    7.1428571429e-01    1.7857142857e+00
            0.910000    1.0000000000e+00    0.0000000000e+00    0.0000000000e+00    7.1428571429e-01    1.7857142857e+00
            0.915000    1.0000000000e+00    0.0000000000e+00    0.0000000000e+00    7.1428571429e-01    1.7857142857e+00
            0.920000    1.0000000000e+00    0.0000000000e+00    0.0000000000e+00    7.1428571429e-01    1.7857142857e+00
            0.925000    1.0000000000e+00    0.0000000000e+00    0.0000000000e+00    7.1428571429e-01    1.7857142857e+00
            0.930000    1.0000000000e+00    0.0000000000e+00    0.0000000000e+00    7.1428571429e-01    1.7857142857e+00
            0.935000    1.0000000000e+00    0.0000000000e+00    0.0000000000e+00    7.1428571429e-01    1.7857142857e+00
            0.940000    1.0000000000e+00    0.0000000000e+00    0.0000000000e+00    7.1428571429e-01    1.7857142857e+00
            0.945000    1.0000000000e+00    0.0000000000e+00    0.0000000000e+00    7.1428571429e-01    1.7857142857e+00
            0.950000    1.0000000000e+00    0.0000000000e+00    0.0000000000e+00    7.1428571429e-01    1.7857142857e+00
            0.955000    1.0000000000e+00    0.0000000000e+00    0.0000000000e+00    7.1428571429e-01    1.7857142857e+00
            0.960000    1.0000000000e+00    0.0000000000e+00    0.0000000000e+00    7.1428571429e-01    1.7857142857e+00
            0.965000    1.0000000000e+00    0.0000000000e+00    0.0000000000e+00    7.1428571429e-01    1.7857142857e+00
            0.970000    1.0000000000e+00    0.0000000000e+00    0.0000000000e+00    7.1428571429e-01    1.7857142857e+00
            0.975000    1.0000000000e+00    0.0000000000e+00    0.0000000000e+00    7.1428571429e-01    1.7857142857e+00
            0.980000    1.0000000000e+00    0.0000000000e+00    0.0000000000e+00    7.1428571429e-01    1.7857142857e+00
            0.985000    1.0000000000e+00    0.0000000000e+00    0.0000000000e+00    7.1428571429e-01    1.7857142857e+00
            0.990000    1.0000000000e+00    0.0000000000e+00    0.0000000000e+00    7.1428571429e-01    1.7857142857e+00
            0.995000    1.0000000000e+00    0.0000000000e+00    0.0000000000e+00    7.1428571429e-01    1.7857142857e+00
            1.000000    1.0000000000e+00    0.0000000000e+00    0.0000000000e+00    7.1428571429e-01    1.7857142857e+00
            1.005000    1.0000000000e+00    0.0000000000e+00    0.0000000000e+00    7.1428571429e-01    1.7857142857e+00
            1.010000    1.0000000000e+00    0.0000000000e+00    0.0000000000e+00    7.1428571429e-01    1.7857142857e+00
            1.015000    1.0000000000e+00    0.0000000000e+00    0.0000000000e+00    7.1428571429e-01    1.7857142857e+00
            1.020000    1.0000000000e+00    0.0000000000e+00    0.0000000000e+00    7.1428571429e-01    1.7857142857e+00
            1.025000    1.0000000000e+00    0.0000000000e+00    0.0000000000e+00    7.1428571429e-01    1.7857142857e+00
            1.030000    1.0000000000e+00    0.0000000000e+00    0.0000000000e+00    7.1428571429e-01    1.7857142857e+00
            1.035000    1.0000000000e+00    0.0000000000e+00    0.0000000000e+00    7.1428571429e-01    1.7857142857e+00
            1.040000    1.0000000000e+00    0.0000000000e+00    0.0000000000e+00    7.1428571429e-01    1.7857142857e+00
            1.045000    1.0000000000e+00    0.0000000000e+00    0.0000000000e+00    7.1428571429e-01    1.7857142857e+00
            1.050000    1.0000000000e+00    0.0000000000e+00    0.0000000000e+00    7.1428571429e-01    1.7857142857e+00
            1.055000    1.0000000000e+00    0.0000000000e+00    0.0000000000e+00    7.1428571429e-01    1.7857142857e+00
            1.060000    1.0000000000e+00    0.0000000000e+00    0.0000000000e+00    7.1428571429e-01    1.7857142857e+00
            1.065000    1.0000000000e+00    0.0000000000e+00    0.0000000000e+00    7.1428571429e-01    1.7857142857e+00
            1.070000    1.0000000000e+00    0.0000000000e+00    0.0000000000e+00    7.1428571429e-01    1.7857142857e+00
            1.075000    1.0000000000e+00    0.0000000000e+00    0.0000000000e+00    7.1428571429e-01    1.7857142857e+00
            1.080000    1.0000000000e+00    0.0000000000e+00    0.0000000000e+00    7.1428571429e-01    1.7857142857e+00
            1.085000    1.0000000000e+00    0.0000000000e+00    0.0000000000e+00    7.1428571429e-01    1.7857142857e+00
            1.090000    1.0000000000e+00    0.0000000000e+00    0.0000000000e+00    7.1428571429e-01    1.7857142857e+00
            1.095000    1.0000000000e+00    0.0000000000e+00    0.0000000000e+00    7.1428571429e-01    1.7857142857e+00
            1.100000    1.0000000000e+00    0.0000000000e+00    0.0000000000e+00    7.1428571429e-01    1.7857142857e+00
            1.105000    1.0000000000e+00    0.0000000000e+00    0.0000000000e+00    7.1428571429e-01    1.7857142857e+00
            1.110000    1.0000000000e+00    0.0000000000e+00    0.0000000000e+00    7.1428571429e-01    1.7857142857e+00
            1.115000    1.0000000000e+00    0.0000000000e+00    0.0000000000e+00    7.1428571429e-01    1.7857142857e+00
            1.120000    1.0000000000e+00    0.0000000000e+00    0.0000000000e+00    7.1428571429e-01    1.7857142857e+00
            1.125000    1.0000000000e+00    0.0000000000e+00    0.0000000000e+00    7.1428571429e-01    1.7857142857e+00
            1.130000    1.0000000000e+00    0.0000000000e+00    0.0000000000e+00    7.1428571429e-01    1.7857142857e+00
            1.135000    1.0000000000e+00    0.0000000000e+00    0.0000000000e+00    7.1428571429e-01    1.7857142857e+00
            1.140000    1.0000000000e+00    0.0000000000e+00    0.0000000000e+00    7.1428571429e-01    1.7857142857e+00
            1.145000    1.0000000000e+00    0.0000000000e+00    0.0000000000e+00    7.1428571429e-01    1.7857142857e+00
            1.150000    1.0000000000e+00    0.0000000000e+00    0.0000000000e+00    7.1428571429e-01    1.7857142857e+00
            1.155000    1.0000000000e+00    0.0000000000e+00    0.0000000000e+00    7.1428571429e-01    1.7857142857e+00
            1.160000    1.0000000000e+00    0.0000000000e+00    0.0000000000e+00    7.1428571429e-01    1.7857142857e+00
            1.165000    1.0000000000e+00    0.0000000000e+00    0.0000000000e+00    7.1428571429e-01    1.7857142857e+00
            1.170000    1.0000000000e+00    0.0000000000e+00    0.0000000000e+00    7.1428571429e-01    1.7857142857e+00
            1.175000    1.0000000000e+00    0.0000000000e+00    0.0000000000e+00    7.1428571429e-01    1.7857142857e+00
            1.180000    1.0000000000e+00    0.0000000000e+00    0.0000000000e+00    7.1428571429e-01    1.7857142857e+00
            1.185000    1.0000000000e+00    0.0000000000e+00    0.0000000000e+00    7.1428571429e-01    1.7857142857e+00
            1.190000    1.0000000000e+00    0.0000000000e+00    0.0000000000e+00    7.1428571429e-01    1.7857142857e+00
            1.195000    1.0000000000e+00    0.0000000000e+00    0.0000000000e+00    7.1428571429e-01    1.7857142857e+00
            1.200000    1.0000000000e+00    0.0000000000e+00    0.0000000000e+00    7.1428571429e-01    1.7857142857e+00
            1.205000    1.0000000000e+00    0.0000000000e+00    0.0000000000e+00    7.1428571429e-01    1.7857142857e+00
            1.210000    1.0000000000e+00    0.0000000000e+00    0.0000000000e+00    7.1428571429e-01    1.7857142857e+00
            1.215000    1.0000000000e+00    0.0000000000e+00    0.0000000000e+00    7.1428571429e-01    1.7857142857e+00
            1.220000    1.0000000000e+00    0.0000000000e+00    0.0000000000e+00    7.1428571429e-01    1.7857142857e+00
            1.225000    1.0000000000e+00    0.0000000000e+00    0.0000000000e+00    7.1428571429e-01    1.7857142857e+00
            1.230000    1.0000000000e+00    0.0000000000e+00    0.0000000000e+00    7.1428571429e-01    1.7857142857e+00
            1.235000    1.0000000000e+00    0.0000000000e+00    0.0000000000e+00    7.1428571429e-01    1.7857142857e+00
            1.240000    1.0000000000e+00    0.0000000000e+00    0.0000000000e+00    7.1428571429e-01    1.7857142857e+00
            1.245000    1.0000000000e+00    0.0000000000e+00    0.0000000000e+00    7.1428571429e-01    1.7857142857e+00
            1.250000    1.0000000000e+00    0.0000000000e+00    0.0000000000e+00    7.1428571429e-01    1.7857142857e+00
            1.255000    1.0000000000e+00    0.0000000000e+00    0.0000000000e+00    7.1428571429e-01    1.7857142857e+00
            1.260000    1.0000000000e+00    0.0000000000e+00    0.0000000000e+00    7.1428571429e-01    1.7857142857e+00
            1.265000    1.0000000000e+00    0.0000000000e+00    0.0000000000e+00    7.1428571429e-01    1.7857142857e+00
            1.270000    1.0000000000e+00    0.0000000000e+00    0.0000000000e+00    7.1428571429e-01    1.7857142857e+00
            1.275000    1.0000000000e+00    0.0000000000e+00    0.0000000000e+00    7.1428571429e-01    1.7857142857e+00
            1.280000    1.0000000000e+00    0.0000000000e+00    0.0000000000e+00    7.1428571429e-01    1.7857142857e+00
            1.285000    1.0000000000e+00    0.0000000000e+00    0.0000000000e+00    7.1428571429e-01    1.7857142857e+00
            1.290000    1.0000000000e+00    0.0000000000e+00    0.0000000000e+00    7.1428571429e-01    1.7857142857e+00
            1.295000    1.0000000000e+00    0.0000000000e+00    0.0000000000e+00    7.1428571429e-01    1.7857142857e+00
            1.300000    1.0000000000e+00    0.0000000000e+00    0.0000000000e+00    7.1428571429e-01    1.7857142857e+00
            1.305000    1.0000000000e+00    0.0000000000e+00    0.0000000000e+00    7.1428571429e-01    1.7857142857e+00
            1.310000    1.0000000000e+00    0.0000000000e+00    0.0000000000e+00    7.1428571429e-01    1.7857142857e+00
            1.315000    1.0000000000e+00    0.0000000000e+00    0.0000000000e+00    7.1428571429e-01    1.7857142857e+00
            1.320000    1.0000000000e+00    0.0000000000e+00    0.0000000000e+00    7.1428571429e-01    1.7857142857e+00
            1.325000    1.0000000000e+00    0.0000000000e+00    0.0000000000e+00    7.1428571429e-01    1.7857142857e+00
            1.330000    1.0000000000e+00    0.0000000000e+00    0.0000000000e+00    7.1428571429e-01    1.7857142857e+00
            1.335000    1.0000000000e+00    0.0000000000e+00    0.0000000000e+00    7.1428571429e-01    1.7857142857e+00
            1.340000    1.0000000000e+00    0.0000000000e+00    0.0000000000e+00    7.1428571429e-01    1.7857142857e+00
            1.345000    1.0000000000e+00    0.0000000000e+00    0.0000000000e+00    7.1428571429e-01    1.7857142857e+00
            1.350000    1.0000000000e+00    0.0000000000e+00    0.0000000000e+00    7.1428571429e-01    1.7857142857e+00
            1.355000    1.0000000000e+00    0.0000000000e+00    0.0000000000e+00    7.1428571429e-01    1.7857142857e+00
            1.360000    1.0000000000e+00    0.0000000000e+00    0.0000000000e+00    7.1428571429e-01    1.7857142857e+00
            1.365000    1.0000000000e+00    0.0000000000e+00    0.0000000000e+00    7.1428571429e-01    1.7857142857e+00
            1.370000    1.0000000000e+00    0.0000000000e+00    0.0000000000e+00    7.1428571429e-01    1.7857142857e+00
            1.375000    1.0000000000e+00    0.0000000000e+00    0.0000000000e+00    7.1428571429e-01    1.7857142857e+00
            1.380000    1.0000000000e+00    0.0000000000e+00    0.0000000000e+00    7.1428571429e-01    1.7857142857e+00
            1.385000    1.0000000000e+00    0.0000000000e+00    0.0000000000e+00    7.1428571429e-01    1.7857142857e+00
            1.390000    1.0000000000e+00    0.0000000000e+00    0.0000000000e+00    7.1428571429e-01    1.7857142857e+00
            1.395000    1.0000000000e+00    0.0000000000e+00    0.0000000000e+00    7.1428571429e-01    1.7857142857e+00
            1.400000    1.0000000000e+00    0.0000000000e+00    0.0000000000e+00    7.1428571429e-01    1.7857142857e+00
            1.405000    1.0000000000e+00    0.0000000000e+00    0.0000000000e+00    7.1428571429e-01    1.7857142857e+00
            1.410000    1.0000000000e+00    0.0000000000e+00    0.0000000000e+00    7.1428571429e-01    1.7857142857e+00
            1.415000    1.0000000000e+00    0.0000000000e+00    0.0000000000e+00    7.1428571429e-01    1.7857142857e+00
            1.420000    1.0000000000e+00    0.0000000000e+00    0.0000000000e+00    7.1428571429e-01    1.7857142857e+00
            1.425000    1.0000000000e+00    0.0000000000e+00    0.0000000000e+00    7.1428571429e-01    1.7857142857e+00
            1.430000    1.0000000000e+00    0.0000000000e+00    0.0000000000e+00    7.1428571429e-01    1.7857142857e+00
            1.435000    1.0000000000e+00    0.0000000000e+00    0.0000000000e+00    7.1428571429e-01    1.7857142857e+00
            1.440000    1.0000000000e+00    0.0000000000e+00    0.0000000000e+00    7.1428571429e-01    1.7857142857e+00
            1.445000    1.0000000000e+00    0.0000000000e+00    0.0000000000e+00    7.1428571429e-01    1.7857142857e+00
            1.450000    1.0000000000e+00    0.0000000000e+00    0.0000000000e+00    7.1428571429e-01    1.7857142857e+00
            1.455000    1.0000000000e+00    0.0000000000e+00    0.0000000000e+00    7.1428571429e-01    1.7857142857e+00
            1.460000    1.0000000000e+00    0.0000000000e+00    0.0000000000e+00    7.1428571429e-01    1.7857142857e+00
            1.465000    1.0000000000e+00    0.0000000000e+00    0.0000000000e+00    7.1428571429e-01    1.7857142857e+00
            1.470000    1.0000000000e+00    0.0000000000e+00    0.0000000000e+00    7.1428571429e-01    1.7857142857e+00
            1.475000    1.0000000000e+00    0.0000000000e+00    0.0000000000e+00    7.1428571429e-01    1.7857142857e+00
            1.480000    1.0000000000e+00    0.0000000000e+00    0.0000000000e+00    7.1428571429e-01    1.7857142857e+00
            1.485000    1.0000000000e+00    0.0000000000e+00    0.0000000000e+00    7.1428571429e-01    1.7857142857e+00
            1.490000    1.0000000000e+00    0.0000000000e+00    0.0000000000e+00    7.1428571429e-01    1.7857142857e+00
            1.495000    1.0000000000e+00    0.0000000000e+00    0.0000000000e+00    7.1428571429e-01    1.7857142857e+00
            1.500000    1.0000000000e+00    0.0000000000e+00    0.0000000000e+00    7.1428571429e-01    1.7857142857e+00
            1.505000    1.0000000000e+00    0.0000000000e+00    0.0000000000e+00    7.1428571429e-01    1.7857142857e+00
            1.510000    1.0000000000e+00    0.0000000000e+00    0.0000000000e+00    7.1428571429e-01    1.7857142857e+00
            1.515000    1.0000000000e+00    0.0000000000e+00    0.0000000000e+00    7.1428571429e-01    1.7857142857e+00
            1.520000    1.0000000000e+00    0.0000000000e+00    0.0000000000e+00    7.1428571429e-01    1.7857142857e+00
            1.525000    1.0000000000e+00    0.0000000000e+00    0.0000000000e+00    7.1428571429e-01    1.7857142857e+00
            1.530000    1.0000000000e+00    0.0000000000e+00    0.0000000000e+00    7.1428571429e-01    1.7857142857e+00
            1.535000    1.0000000000e+00    0.0000000000e+00    0.0000000000e+00    7.1428571429e-01    1.7857142857e+00
            1.540000    1.0000000000e+00    0.0000000000e+00    0.0000000000e+00    7.1428571429e-01    1.7857142857e+00
            1.545000    1.0000000000e+00    0.0000000000e+00    0.0000000000e+00    7.1428571429e-01    1.7857142857e+00
            1.550000    1.0000000000e+00    0.0000000000e+00    0.0000000000e+00    7.1428571429e-01    1.7857142857e+00
            1.555000    1.0000000000e+00    0.0000000000e+00    0.0000000000e+00    7.1428571429e-01    1.7857142857e+00
            1.560000    1.0000000000e+00    0.0000000000e+00    0.0000000000e+00    7.1428571429e-01    1.7857142857e+00
            1.565000    1.0000000000e+00    0.0000000000e+00    0.0000000000e+00    7.1428571429e-01    1.7857142857e+00
            1.570000    1.0000000000e+00    0.0000000000e+00    0.0000000000e+00    7.1428571429e-01    1.7857142857e+00
            1.575000    1.0000000000e+00    0.0000000000e+00    0.0000000000e+00    7.1428571429e-01    1.7857142857e+00
            1.580000    1.0000000000e+00    0.0000000000e+00    0.0000000000e+00    7.1428571429e-01    1.7857142857e+00
            1.585000    1.0000000000e+00    0.0000000000e+00    0.0000000000e+00    7.1428571429e-01    1.7857142857e+00
            1.590000    1.0000000000e+00    0.0000000000e+00    0.0000000000e+00    7.1428571429e-01    1.7857142857e+00
            1.595000    1.0000000000e+00    0.0000000000e+00    0.0000000000e+00    7.1428571429e-01    1.7857142857e+00
            1.600000    1.0000000000e+00    0.0000000000e+00    0.0000000000e+00    7.1428571429e-01    1.7857142857e+00
            1.605000    1.0000000000e+00    0.0000000000e+00    0.0000000000e+00    7.1428571429e-01    1.7857142857e+00
            1.610000    1.0000000000e+00    0.0000000000e+00    0.0000000000e+00    7.1428571429e-01    1.7857142857e+00
            1.615000    1.0000000000e+00    0.0000000000e+00    0.0000000000e+00    7.1428571429e-01    1.7857142857e+00
            1.620000    1.0000000000e+00    0.0000000000e+00    0.0000000000e+00    7.1428571429e-01    1.7857142857e+00
            1.625000    1.0000000000e+00    0.0000000000e+00    0.0000000000e+00    7.1428571429e-01    1.7857142857e+00
            1.630000    1.0000000000e+00    0.0000000000e+00    0.0000000000e+00    7.1428571429e-01    1.7857142857e+00
            1.635000    1.0000000000e+00    0.0000000000e+00    0.0000000000e+00    7.1428571429e-01    1.7857142857e+00
            1.640000    1.0000000000e+00    0.0000000000e+00    0.0000000000e+00    7.1428571429e-01    1.7857142857e+00
            1.645000    1.0000000000e+00    0.0000000000e+00    0.0000000000e+00    7.1428571429e-01    1.7857142857e+00
            1.650000    1.0000000000e+00    0.0000000000e+00    0.0000000000e+00    7.1428571429e-01    1.7857142857e+00
            1.655000    1.0000000000e-10    1.0000000000e-90    1.0000000000e-90    4.0000000000e-11    1.0000000000e-10
            1.660000    1.0000000000e-10    1.0000000000e-90    1.0000000000e-90    4.0000000000e-11    1.0000000000e-10
            1.665000    1.0000000000e-10    1.0000000000e-90    1.0000000000e-90    4.0000000000e-11    1.0000000000e-10
            1.670000    1.0000000000e-10    1.0000000000e-90    1.0000000000e-90    4.0000000000e-11    1.0000000000e-10
            1.675000    1.0000000000e-10    1.0000000000e-90    1.0000000000e-90    4.0000000000e-11    1.0000000000e-10
            1.680000    1.0000000000e-10    1.0000000000e-90    1.0000000000e-90    4.0000000000e-11    1.0000000000e-10
            1.685000    1.0000000000e-10    1.0000000000e-90    1.0000000000e-90    4.0000000000e-11    1.0000000000e-10
            1.690000    1.0000000000e-10    1.0000000000e-90    1.0000000000e-90    4.0000000000e-11    1.0000000000e-10
            1.695000    1.0000000000e-10    1.0000000000e-90    1.0000000000e-90    4.0000000000e-11    1.0000000000e-10
            1.700000    1.0000000000e-10    1.0000000000e-90    1.0000000000e-90    4.0000000000e-11    1.0000000000e-10
            1.705000    1.0000000000e-10    1.0000000000e-90    1.0000000000e-90    4.0000000000e-11    1.0000000000e-10
            1.710000    1.0000000000e-10    1.0000000000e-90    1.0000000000e-90    4.0000000000e-11    1.0000000000e-10
            1.715000    1.0000000000e-10    1.0000000000e-90    1.0000000000e-90    4.0000000000e-11    1.0000000000e-10
            1.720000    1.0000000000e-10    1.0000000000e-90    1.0000000000e-90    4.0000000000e-11    1.0000000000e-10
            1.725000    1.0000000000e-10    1.0000000000e-90    1.0000000000e-90    4.0000000000e-11    1.0000000000e-10
            1.730000    1.0000000000e-10    1.0000000000e-90    1.0000000000e-90    4.0000000000e-11    1.0000000000e-10
            1.735000    1.0000000000e-10    1.0000000000e-90    1.0000000000e-90    4.0000000000e-11    1.0000000000e-10
            1.740000    1.0000000000e-10    1.0000000000e-90    1.0000000000e-90    4.0000000000e-11    1.0000000000e-10
            1.745000    1.0000000000e-10    1.0000000000e-90    1.0000000000e-90    4.0000000000e-11    1.0000000000e-10
            1.750000    1.0000000000e-10    1.0000000000e-90    1.0000000000e-90    4.0000000000e-11    1.0000000000e-10
            1.755000    1.0000000000e-10    1.0000000000e-90    1.0000000000e-90    4.0000000000e-11    1.0000000000e-10
            1.760000    1.0000000000e-10    1.0000000000e-90    1.0000000000e-90    4.0000000000e-11    1.0000000000e-10
            1.765000    1.0000000000e-10    1.0000000000e-90    1.0000000000e-90    4.0000000000e-11    1.0000000000e-10
            1.770000    1.0000000000e-10    1.0000000000e-90    1.0000000000e-90    4.0000000000e-11    1.0000000000e-10
            1.775000    1.0000000000e-10    1.0000000000e-90    1.0000000000e-90    4.0000000000e-11    1.0000000000e-10
            1.780000    1.0000000000e-10    1.0000000000e-90    1.0000000000e-90    4.0000000000e-11    1.0000000000e-10
            1.785000    1.0000000000e-10    1.0000000000e-90    1.0000000000e-90    4.0000000000e-11    1.0000000000e-10
            1.790000    1.0000000000e-10    1.0000000000e-90    1.0000000000e-90    4.0000000000e-11    1.0000000000e-10
            1.795000    1.0000000000e-10    1.0000000000e-90    1.0000000000e-90    4.0000000000e-11    1.0000000000e-10
            1.800000    1.0000000000e-10    1.0000000000e-90    1.0000000000e-90    4.0000000000e-11    1.0000000000e-10
            1.805000    1.0000000000e-10    1.0000000000e-90    1.0000000000e-90    4.0000000000e-11    1.0000000000e-10
            1.810000    1.0000000000e-10    1.0000000000e-90    1.0000000000e-90    4.0000000000e-11    1.0000000000e-10
            1.815000    1.0000000000e-10    1.0000000000e-90    1.0000000000e-90    4.0000000000e-11    1.0000000000e-10
            1.820000    1.0000000000e-10    1.0000000000e-90    1.0000000000e-90    4.0000000000e-11    1.0000000000e-10
            1.825000    1.0000000000e-10    1.0000000000e-90    1.0000000000e-90    4.0000000000e-11    1.0000000000e-10
            1.830000    1.0000000000e-10    1.0000000000e-90    1.0000000000e-90    4.0000000000e-11    1.0000000000e-10
            1.835000    1.0000000000e-10    1.0000000000e-90    1.0000000000e-90    4.0000000000e-11    1.0000000000e-10
            1.840000    1.0000000000e-10    1.0000000000e-90    1.0000000000e-90    4.0000000000e-11    1.0000000000e-10
            1.845000    1.0000000000e-10    1.0000000000e-90    1.0000000000e-90    4.0000000000e-11    1.0000000000e-10
            1.850000    1.0000000000e-10    1.0000000000e-90    1.0000000000e-90    4.0000000000e-11    1.0000000000e-10
            1.855000    1.0000000000e-10    1.0000000000e-90    1.0000000000e-90    4.0000000000e-11    1.0000000000e-10
            1.860000    1.0000000000e-10    1.0000000000e-90    1.0000000000e-90    4.0000000000e-11    1.0000000000e-10
            1.865000    1.0000000000e-10    1.0000000000e-90    1.0000000000e-90    4.0000000000e-11    1.0000000000e-10
            1.870000    1.0000000000e-10    1.0000000000e-90    1.0000000000e-90    4.0000000000e-11    1.0000000000e-10
            1.875000    1.0000000000e-10    1.0000000000e-90    1.0000000000e-90    4.0000000000e-11    1.0000000000e-10
            1.880000    1.0000000000e-10    1.0000000000e-90    1.0000000000e-90    4.0000000000e-11    1.0000000000e-10
            1.885000    1.0000000000e-10    1.0000000000e-90    1.0000000000e-90    4.0000000000e-11    1.0000000000e-10
            1.890000    1.0000000000e-10    1.0000000000e-90    1.0000000000e-90    4.0000000000e-11    1.0000000000e-10
            1.895000    1.0000000000e-10    1.0000000000e-90    1.0000000000e-90    4.0000000000e-11    1.0000000000e-10
            1.900000    1.0000000000e-10    1.0000000000e-90    1.0000000000e-90    4.0000000000e-11    1.0000000000e-10
            1.905000    1.0000000000e-10    1.0000000000e-90    1.0000000000e-90    4.0000000000e-11    1.0000000000e-10
            1.910000    1.0000000000e-10    1.0000000000e-90    1.0000000000e-90    4.0000000000e-11    1.0000000000e-10
            1.915000    1.0000000000e-10    1.0000000000e-90    1.0000000000e-90    4.0000000000e-11    1.0000000000e-10
            1.920000    1.0000000000e-10    1.0000000000e-90    1.0000000000e-90    4.0000000000e-11    1.0000000000e-10
            1.925000    1.0000000000e-10    1.0000000000e-90    1.0000000000e-90    4.0000000000e-11    1.0000000000e-10
            1.930000    1.0000000000e-10    1.0000000000e-90    1.0000000000e-90    4.0000000000e-11    1.0000000000e-10
            1.935000    1.0000000000e-10    1.0000000000e-90    1.0000000000e-90    4.0000000000e-11    1.0000000000e-10
            1.940000    1.0000000000e-10    1.0000000000e-90    1.0000000000e-90    4.0000000000e-11    1.0000000000e-10
            1.945000    1.0000000000e-10    1.0000000000e-90    1.0000000000e-90    4.0000000000e-11    1.0000000000e-10
            1.950000    1.0000000000e-10    1.0000000000e-90    1.0000000000e-90    4.0000000000e-11    1.0000000000e-10
            1.955000    1.0000000000e-10    1.0000000000e-90    1.0000000000e-90    4.0000000000e-11    1.0000000000e-10
            1.960000    1.0000000000e-10    1.0000000000e-90    1.0000000000e-90    4.0000000000e-11    1.0000000000e-10
            1.965000    1.0000000000e-10    1.0000000000e-90    1.0000000000e-90    4.0000000000e-11    1.0000000000e-10
            1.970000    1.0000000000e-10    1.0000000000e-90    1.0000000000e-90    4.0000000000e-11    1.0000000000e-10
            1.975000    1.0000000000e-10    1.0000000000e-90    1.0000000000e-90    4.0000000000e-11    1.0000000000e-10
            1.980000    1.0000000000e-10    1.0000000000e-90    1.0000000000e-90    4.0000000000e-11    1.0000000000e-10
            1.985000    1.0000000000e-10    1.0000000000e-90    1.0000000000e-90    4.0000000000e-11    1.0000000000e-10
            1.990000    1.0000000000e-10    1.0000000000e-90    1.0000000000e-90    4.0000000000e-11    1.0000000000e-10
            1.995000    1.0000000000e-10    1.0000000000e-90    1.0000000000e-90    4.0000000000e-11    1.0000000000e-10
            2.000000    1.0000000000e-10    1.0000000000e-90    1.0000000000e-90    4.0000000000e-11    1.0000000000e-10
            2.005000    1.0000000000e-10    1.0000000000e-90    1.0000000000e-90    4.0000000000e-11    1.0000000000e-10
