            0.000000    2.6666666667e+00    1.2500000000e+00    0.0000000000e+00    3.2142857143e+00    1.0119047619e+01
            0.025000    2.6666666667e+00    1.2500000000e+00    0.0000000000e+00    3.2142857143e+00    1.0119047619e+01
            0.050000    2.6583431320e+00    1.2540593762e+00    0.0000000000e+00    3.2002496751e+00    1.0090965681e+01
            0.075000    2.6549215071e+00    1.2557311539e+00    0.0000000000e+00    3.1944845615e+00    1.0079432138e+01
            0.100000    2.6564783636e+00    1.2549701625e+00    0.0000000000e+00    3.1971076574e+00    1.0084679587e+01
            0.125000    2.6602846713e+00    1.2531112446e+00    0.0000000000e+00    3.2035230857e+00    1.0097513985e+01
            0.150000    2.6633655416e+00    1.2516082072e+00    0.0000000000e+00    3.2087183998e+00    1.0107907827e+01
            0.175000    2.6648484516e+00    1.2508852474e+00    0.0000000000e+00    3.2112199127e+00    1.0112912491e+01
            0.200000    2.6654691540e+00    1.2505827286e+00    0.0000000000e+00    3.2122671515e+00    1.0115007664e+01
            0.225000    2.6656915681e+00    1.2504743364e+00   6.6547376671e-211    3.2126424439e+00    1.0115758490e+01
            0.250000    2.6658156869e+00    1.2504138471e+00   1.4873039633e-202    3.2128518931e+00    1.0116177517e+01
            0.275000    2.6660291137e+00    1.2503098452e+00   4.4926095937e-195    3.2132120397e+00    1.0116898043e+01
            0.300000    2.6664038552e+00    1.2501272580e+00   3.3489475446e-188    3.2138444065e+00    1.0118163201e+01
            0.325000    2.6666519273e+00    1.2500063943e+00   1.1507509990e-173    3.2142630595e+00    1.0119000781e+01
            0.350000    2.6666659100e+00    1.2499995664e+00  -8.2825775627e-160    3.2142867070e+00    1.0119048064e+01
            0.375000    2.6664898131e+00    1.2500853318e+00  -1.5132552585e-135    3.2139896139e+00    1.0118453632e+01
            0.400000    2.6663529316e+00    1.2501519923e+00   3.4740901985e-128    3.2137587168e+00    1.0117991632e+01
            0.425000    2.6664159083e+00    1.2501212819e+00   9.6500020035e-121    3.2138650840e+00    1.0118204393e+01
            0.450000    2.6666936343e+00    1.2499859524e+00    1.0248482115e-79    3.2143338526e+00    1.0119142208e+01
            0.475000    2.6668906211e+00    1.2498899588e+00    1.1902730366e-72    3.2146664006e+00    1.0119807481e+01
            0.500000    2.6668496209e+00    1.2499098891e+00   -3.3460621554e-65    3.2145973509e+00    1.0119669264e+01
            0.525000    2.6665869065e+00    1.2500378199e+00    1.8302172776e-48    3.2141541719e+00    1.0118782515e+01
            0.550000    2.6663971158e+00    1.2501302284e+00   -8.2740010622e-42    3.2138340808e+00    1.0118142022e+01
            0.575000    2.6664553624e+00    1.2501017945e+00   -5.8938780907e-35    3.2139325637e+00    1.0118338963e+01
            0.600000    2.6667386294e+00    1.2499637349e+00   -4.0528542014e-29    3.2144107963e+00    1.0119295660e+01
            0.625000    2.6669307519e+00    1.2498700709e+00   -3.5894492280e-17    3.2147352774e+00    1.0119944726e+01
            0.650000    2.6668615444e+00    1.2499036815e+00    9.7066474724e-18    3.2146188286e+00    1.0119711581e+01
            0.675000    2.6665650736e+00    1.2500479515e+00    9.9957840956e-17    3.2141190453e+00    1.0118711412e+01
            0.700000    2.6663722881e+00    1.2501415891e+00    1.0131862452e-16    3.2137946957e+00    1.0118062028e+01
            0.725000    2.6664593064e+00    1.2500985511e+00    2.9898946781e-17    3.2139437571e+00    1.0118359217e+01
            0.750000    2.6667709369e+00    1.2499450972e+00   -1.2615200740e-16    3.2144753139e+00    1.0119420067e+01
            0.775000    2.6669505469e+00    1.2498533161e+00   -3.9515111692e-17    3.2147932689e+00    1.0120049317e+01
            0.800000    2.6668137518e+00    1.2499090024e+00    2.5750897713e-15    3.2146003320e+00    1.0119645743e+01
            0.825000    2.6664216467e+00    1.2500732833e+00   -4.8318663482e-15    3.2140312347e+00    1.0118464261e+01
            0.850000    2.6661129723e+00    1.2501617481e+00   -8.8013369331e-14    3.2137248142e+00    1.0117751879e+01
            0.875000    2.6659799136e+00    1.2500910975e+00   -2.0170990989e-12    3.2139694969e+00    1.0118024141e+01
            0.900000    2.6657765277e+00    1.2499110201e+00    3.7759132750e-12    3.2145931893e+00    1.0118824395e+01
            0.925000    2.6648543875e+00    1.2498201693e+00    5.7194095115e-11    3.2149078058e+00    1.0118588020e+01
            0.950000    2.6626675186e+00    1.2499077053e+00    1.0052237602e-09    3.2146046598e+00    1.0116413472e+01
            0.975000    2.6588649643e+00    1.2501103267e+00   -1.6255884751e-09    3.2139035595e+00    1.0112363848e+01
            1.000000    2.6533826883e+00    1.2501992844e+00   -2.0262054439e-08    3.2135961720e+00    1.0107606680e+01
            1.025000    2.6470139620e+00    1.2500824336e+00   -2.8695228719e-07    3.2139993996e+00    1.0103250919e+01
            1.050000    2.6433934181e+00    1.2498607690e+00   -9.1416017694e-08    3.2147644640e+00    1.0101602241e+01
            1.075000    2.6421278392e+00    1.2497695502e+00    2.8303505670e-06    3.2150851357e+00    1.0101114186e+01
            1.100000    2.6418553575e+00    1.2498847100e+00    2.6765647055e-05    3.2147401660e+00    1.0100419207e+01
            1.125000    2.6426228869e+00    1.2500333386e+00    1.5349131290e-04    3.2144863998e+00    1.0100875289e+01
            1.150000    2.6464889457e+00    1.2498098849e+00    6.8171776922e-04    3.2163953785e+00    1.0107929676e+01
            1.175000    2.6566152319e+00    1.2485764554e+00    2.6358292579e-03    3.2250098251e+00    1.0133289870e+01
            1.200000    2.6789877327e+00    1.2449528447e+00    9.0233369561e-03    3.2521658861e+00    1.0206615482e+01
            1.225000    2.7277386094e+00    1.2356005893e+00    2.7462934199e-02    3.3279247074e+00    1.0403071708e+01
            1.250000    2.8383332538e+00    1.2127518274e+00    7.3082339671e-02    3.5182122388e+00    1.0890373841e+01
            1.275000    3.0619241014e+00    1.1642666533e+00    1.6356791136e-01    3.9235972917e+00    1.1925198136e+01
            1.300000    3.4210243665e+00    1.0872093549e+00    2.9797673669e-01    4.6009769150e+00    1.3676185659e+01
            1.325000    3.7778916901e+00    1.0090880079e+00    4.2013366398e-01    5.2956602565e+00    1.5496008175e+01
            1.350000    4.0306777926e+00    9.5771320964e-01    5.0754532568e-01    5.8028676716e+00    1.6874823272e+01
            1.375000    4.2002469955e+00    9.3204965962e-01    5.7093746860e-01    6.1536959526e+00    1.7893228361e+01
            1.400000    4.3196110604e+00    9.2340598943e-01    6.2456897257e-01    6.4097410801e+00    1.8708483469e+01
            1.425000    4.4109211078e+00    9.2495703694e-01    6.7629501977e-01    6.6158031865e+00    1.9435102282e+01
            1.450000    4.4833665358e+00    9.3026559109e-01    7.2480980783e-01    6.7902477563e+00    2.0093225438e+01
            1.475000    4.5381881889e+00    9.3410597661e-01    7.7015159709e-01    6.9316911698e+00    2.0655010680e+01
            1.500000    4.5973429034e+00    9.3067765566e-01    8.0867093198e-01    7.0751383164e+00    2.1182078274e+01
            1.525000    4.6959987099e+00    9.2023424393e-01    8.4131585647e-01    7.2905896635e+00    2.1876775939e+01
            1.550000    4.8331811297e+00    9.2554921865e-01    8.6698112028e-01    7.5878563726e+00    2.2856237783e+01
            1.575000    4.9188120976e+00    9.4440942815e-01    8.8082959720e-01    7.7790506974e+00    2.3549350240e+01
            1.600000    4.9550859679e+00    9.4754871153e-01    9.0808854812e-01    7.8591037425e+00    2.3915261174e+01
            1.625000    4.8957851847e+00    9.5249638097e-01    9.5249638097e-01    7.7283266960e+00    2.3762514695e+01
            1.650000    1.0000000000e-10    1.0000000000e-90    1.0000000000e-90    4.0000000000e-11    1.0000000000e-10
            1.675000    1.0000000000e-10    1.0000000000e-90    1.0000000000e-90    4.0000000000e-11    1.0000000000e-10
            1.700000    1.0000000000e-10    1.0000000000e-90    1.0000000000e-90    4.0000000000e-11    1.0000000000e-10
            1.725000    1.0000000000e-10    1.0000000000e-90    1.0000000000e-90    4.0000000000e-11    1.0000000000e-10
            1.750000    1.0000000000e-10    1.0000000000e-90    1.0000000000e-90    4.0000000000e-11    1.0000000000e-10
            1.775000    1.0000000000e-10    1.0000000000e-90    1.0000000000e-90    4.0000000000e-11    1.0000000000e-10
            1.800000    1.0000000000e-10    1.0000000000e-90    1.0000000000e-90    4.0000000000e-11    1.0000000000e-10
            1.825000    1.0000000000e-10    1.0000000000e-90    1.0000000000e-90    4.0000000000e-11    1.0000000000e-10
            1.850000    1.0000000000e-10    1.0000000000e-90    1.0000000000e-90    4.0000000000e-11    1.0000000000e-10
            1.875000    1.0000000000e-10    1.0000000000e-90    1.0000000000e-90    4.0000000000e-11    1.0000000000e-10
            1.900000    1.0000000000e-10    1.0000000000e-90    1.0000000000e-90    4.0000000000e-11    1.0000000000e-10
            1.925000    1.0000000000e-10    1.0000000000e-90    1.0000000000e-90    4.0000000000e-11    1.0000000000e-10
            1.950000    1.0000000000e-10    1.0000000000e-90    1.0000000000e-90    4.0000000000e-11    1.0000000000e-10
            1.975000    1.0000000000e-10    1.0000000000e-90    1.0000000000e-90    4.0000000000e-11    1.0000000000e-10
            2.000000    1.0000000000e-10    1.0000000000e-90    1.0000000000e-90    4.0000000000e-11    1.0000000000e-10
            2.025000    1.0000000000e-10    1.0000000000e-90    1.0000000000e-90    4.0000000000e-11    1.0000000000e-10
