            0.000000    2.6666666667e+00    1.2500000000e+00    0.0000000000e+00    3.2142857143e+00    1.0119047619e+01
            0.025000    2.6666666667e+00    1.2500000000e+00    0.0000000000e+00    3.2142857143e+00    1.0119047619e+01
            0.050000    2.6642532464e+00    1.2511758335e+00   -3.8872509451e-17    3.2102145463e+00    1.0110901954e+01
            0.075000    2.6610961997e+00    1.2527152981e+00    1.5159851052e-17    3.2048910572e+00    1.0100250946e+01
            0.100000    2.6592575541e+00    1.2536126080e+00    8.8391561428e-17    3.2017916782e+00    1.0094050081e+01
            0.125000    2.6586095707e+00    1.2539289683e+00    1.7045460150e-16    3.2006995688e+00    1.0091865160e+01
            0.150000    2.6585249402e+00    1.2539702723e+00    2.9573607789e-16    3.2005570002e+00    1.0091579898e+01
            0.175000    2.6588344411e+00    1.2538191038e+00    3.4921349246e-16    3.2010787653e+00    1.0092623667e+01
            0.200000    2.6597455970e+00    1.2533741969e+00    5.2881380102e-16    3.2026148213e+00    1.0095696573e+01
            0.225000    2.6613206176e+00    1.2526054485e+00    3.4257774800e-16    3.2052704529e+00    1.0101009315e+01
            0.250000    2.6629052589e+00    1.2518323834e+00   -1.3999574288e-15    3.2079429066e+00    1.0106355800e+01
            0.275000    2.6639936186e+00    1.2513016390e+00   -3.6826727738e-15    3.2097787751e+00    1.0110028657e+01
            0.300000    2.6647375203e+00    1.2509389622e+00    2.0859237522e-15    3.2110338078e+00    1.0112539492e+01
            0.325000    2.6652475397e+00    1.2506903448e+00    1.8669330503e-14    3.2118943821e+00    1.0114261155e+01
            0.350000    2.6655996831e+00    1.2505186946e+00    2.3099706922e-14    3.2124886512e+00    1.0115450029e+01
            0.375000    2.6658454804e+00    1.2503988773e+00   -4.6715662537e-14    3.2129035223e+00    1.0116279981e+01
            0.400000    2.6660197926e+00    1.2503138954e+00   -1.9932728811e-13    3.2131977999e+00    1.0116868658e+01
            0.425000    2.6661461929e+00    1.2502522576e+00   -1.3210757394e-13    3.2134112526e+00    1.0117295624e+01
            0.450000    2.6662405322e+00    1.2502062381e+00    5.9852794152e-13    3.2135706240e+00    1.0117614383e+01
            0.475000    2.6663133087e+00    1.2501707203e+00    1.8586176441e-12    3.2136936287e+00    1.0117860375e+01
            0.500000    2.6663712846e+00    1.2501424086e+00    8.1220881911e-13    3.2137916779e+00    1.0118056431e+01
            0.525000    2.6664186529e+00    1.2501192589e+00   -5.8523071679e-12    3.2138718498e+00    1.0118216709e+01
            0.550000    2.6664579479e+00    1.2501000346e+00   -1.6608676263e-11    3.2139384258e+00    1.0118349772e+01
            0.575000    2.6664907629e+00    1.2500839562e+00   -6.4751101979e-12    3.2139941053e+00    1.0118461017e+01
            0.600000    2.6665182385e+00    1.2500704590e+00    4.7509211602e-11    3.2140408437e+00    1.0118554340e+01
            0.625000    2.6665412786e+00    1.2500590785e+00    1.3533455866e-10    3.2140802495e+00    1.0118632921e+01
            0.650000    2.6665605281e+00    1.2500494362e+00    6.6905462025e-11    3.2141136333e+00    1.0118699280e+01
            0.675000    2.6665762106e+00    1.2500412584e+00   -3.1423537477e-10    3.2141419430e+00    1.0118755048e+01
            0.700000    2.6665878662e+00    1.2500343625e+00   -9.9865486655e-10    3.2141658115e+00    1.0118800839e+01
            0.725000    2.6665938306e+00    1.2500285996e+00   -7.3190670339e-10    3.2141857549e+00    1.0118836148e+01
            0.750000    2.6665900191e+00    1.2500238003e+00    1.4344391571e-09    3.2142023609e+00    1.0118858687e+01
            0.775000    2.6665673358e+00    1.2500197708e+00    6.3952478920e-09    3.2142163043e+00    1.0118862393e+01
            0.800000    2.6665067863e+00    1.2500163419e+00    7.0648826760e-09    3.2142281607e+00    1.0118833298e+01
            0.825000    2.6663711994e+00    1.2500134185e+00   -3.2231113376e-09    3.2142382547e+00    1.0118742860e+01
            0.850000    2.6660922721e+00    1.2500109687e+00   -3.5635588466e-08    3.2142466820e+00    1.0118537847e+01
            0.875000    2.6655520819e+00    1.2500089413e+00   -6.1682873400e-08    3.2142536572e+00    1.0118126499e+01
            0.900000    2.6645593825e+00    1.2500071887e+00   -2.1656360304e-08    3.2142597456e+00    1.0117360325e+01
            0.925000    2.6628243131e+00    1.2500055080e+00    1.7024634243e-07    3.2142657616e+00    1.0116014232e+01
            0.950000    2.6599411027e+00    1.2500034687e+00    8.2770063278e-07    3.2142736304e+00    1.0113774596e+01
            0.975000    2.6553894040e+00    1.2499998467e+00    2.9721554490e-06    3.2142890079e+00    1.0110244983e+01
            1.000000    2.6489899180e+00    1.2499910639e+00    9.7968612054e-06    3.2143287812e+00    1.0105315737e+01
            1.025000    2.6424650483e+00    1.2499670577e+00    3.0860865859e-05    3.2144416042e+00    1.0100421021e+01
            1.050000    2.6382067489e+00    1.2499004643e+00    9.3648210745e-05    3.2147631741e+00    1.0097678738e+01
            1.075000    2.6363419973e+00    1.2497195772e+00    2.7444884208e-04    3.2156595238e+00    1.0097867085e+01
            1.100000    2.6368761974e+00    1.2492434105e+00    7.7765669619e-04    3.2180846903e+00    1.0102779016e+01
            1.125000    2.6405677612e+00    1.2480332348e+00    2.1301497270e-03    3.2244354372e+00    1.0117551533e+01
            1.150000    2.6506950113e+00    1.2450737305e+00    5.6267889175e-03    3.2404808110e+00    1.0155809083e+01
            1.175000    2.6756343468e+00    1.2381513616e+00    1.4243483655e-02    3.2793599776e+00    1.0249570226e+01
            1.200000    2.7318248122e+00    1.2228717174e+00    3.4142512745e-02    3.3686955742e+00    1.0465937420e+01
            1.225000    2.8451889860e+00    1.1919115704e+00    7.5990630543e-02    3.5594315769e+00    1.0927807229e+01
            1.250000    3.0486993740e+00    1.1370545482e+00    1.5263302504e-01    3.9249764642e+00    1.1818774801e+01
            1.275000    3.3738617784e+00    1.0566407585e+00    2.6979279045e-01    4.5316174494e+00    1.3335273152e+01
            1.300000    3.7281887937e+00    9.7883633225e-01    3.8979932897e-01    5.2127410338e+00    1.5101116820e+01
            1.325000    4.0009523564e+00    9.2603226926e-01    4.8056412411e-01    5.7523183266e+00    1.6558269408e+01
            1.350000    4.1797305390e+00    8.9656336636e-01    5.4353299990e-01    6.1148261748e+00    1.7584358177e+01
            1.375000    4.3004782277e+00    8.8228766858e-01    5.9222065649e-01    6.3647281159e+00    1.8339777485e+01
            1.400000    4.3880856984e+00    8.7740058948e-01    6.3460229889e-01    6.5503904507e+00    1.8948605177e+01
            1.425000    4.4576851598e+00    8.7871951440e-01    6.7393979189e-01    6.7029946544e+00    1.9490811749e+01
            1.450000    4.5167713516e+00    8.8377322035e-01    7.1156405440e-01    6.8376795006e+00    2.0001595935e+01
            1.475000    4.5670087031e+00    8.8931155269e-01    7.4734067783e-01    6.9573715908e+00    2.0474774053e+01
            1.500000    4.6071920797e+00    8.9365004370e-01    7.8075887230e-01    7.0591773017e+00    2.0891855259e+01
            1.525000    4.6420491441e+00    8.9997258495e-01    8.1100955029e-01    7.1521003574e+00    2.1286788820e+01
            1.550000    4.6768382332e+00    9.0938249656e-01    8.3515496519e-01    7.2458964663e+00    2.1679568370e+01
            1.575000    4.7155041396e+00    9.1997399065e-01    8.5025806182e-01    7.3558196905e+00    2.2089548130e+01
            1.600000    4.7866039074e+00    9.2290542815e-01    8.8010228771e-01    7.5287359423e+00    2.2714149311e+01
            1.625000    4.7903042477e+00    9.2852751533e-01    9.2968976766e-01    7.5439802035e+00    2.2995148103e+01
            1.650000   1.0000000000e-100    1.0000000000e+00    1.0000000000e+00    0.0000000000e+00   1.0000000000e-100
            1.675000   1.0000000000e-100    1.0000000000e+00    1.0000000000e+00    0.0000000000e+00   1.0000000000e-100
            1.700000   1.0000000000e-100    1.0000000000e+00    1.0000000000e+00    0.0000000000e+00   1.0000000000e-100
            1.725000   1.0000000000e-100    1.0000000000e+00    1.0000000000e+00    0.0000000000e+00   1.0000000000e-100
            1.750000   1.0000000000e-100    1.0000000000e+00    1.0000000000e+00    0.0000000000e+00   1.0000000000e-100
            1.775000   1.0000000000e-100    1.0000000000e+00    1.0000000000e+00    0.0000000000e+00   1.0000000000e-100
            1.800000   1.0000000000e-100    1.0000000000e+00    1.0000000000e+00    0.0000000000e+00   1.0000000000e-100
            1.825000   1.0000000000e-100    1.0000000000e+00    1.0000000000e+00    0.0000000000e+00   1.0000000000e-100
            1.850000   1.0000000000e-100    1.0000000000e+00    1.0000000000e+00    0.0000000000e+00   1.0000000000e-100
            1.875000   1.0000000000e-100    1.0000000000e+00    1.0000000000e+00    0.0000000000e+00   1.0000000000e-100
            1.900000   1.0000000000e-100    1.0000000000e+00    1.0000000000e+00    0.0000000000e+00   1.0000000000e-100
            1.925000   1.0000000000e-100    1.0000000000e+00    1.0000000000e+00    0.0000000000e+00   1.0000000000e-100
            1.950000   1.0000000000e-100    1.0000000000e+00    1.0000000000e+00    0.0000000000e+00   1.0000000000e-100
            1.975000   1.0000000000e-100    1.0000000000e+00    1.0000000000e+00    0.0000000000e+00   1.0000000000e-100
            2.000000   1.0000000000e-100    1.0000000000e+00    1.0000000000e+00    0.0000000000e+00   1.0000000000e-100
            2.025000   1.0000000000e-100    1.0000000000e+00    1.0000000000e+00    0.0000000000e+00   1.0000000000e-100
